# Single SKU Max Power Table
# |CCK 1~11 | |    OFDM 6 ~ 54      | |             HT20 MCS 0 ~ 15                 | |             HT40 MCS 0 ~ 15                 |
ch1 13 13 13 13 14 14 14 14 14 14 14 14 15 15 15 15 15 15 15 15 13 13 13 13 13 13 13 13
ch2 13 13 13 13 14 14 14 14 14 14 14 14 15 15 15 15 15 15 15 15 16 16 16 16 16 16 16 16
ch3 13 13 13 13 14 14 14 14 14 14 14 14 15 15 15 15 15 15 15 15 16 16 16 16 16 16 16 16 14 14 14 14 14 14 14 14 12 12 12 12 12 12 12 12
ch4 13 13 13 13 14 14 14 14 14 14 14 14 15 15 15 15 15 15 15 15 16 16 16 16 16 16 16 16 14 14 14 14 14 14 14 14 16 16 16 16 16 16 16 16
ch5 13 13 13 13 14 14 14 14 14 14 14 14 15 15 15 15 15 15 15 15 16 16 16 16 16 16 16 16 14 14 14 14 14 14 14 14 16 16 16 16 16 16 16 16
ch6 13 13 13 13 14 14 14 14 14 14 14 14 15 15 15 15 15 15 15 15 16 16 16 16 16 16 16 16 14 14 14 14 14 14 14 14 16 16 16 16 16 16 16 16
ch7 13 13 13 13 14 14 14 14 14 14 14 14 15 15 15 15 15 15 15 15 16 16 16 16 16 16 16 16 14 14 14 14 14 14 14 14 16 16 16 16 16 16 16 16
ch8 13 13 13 13 14 14 14 14 14 14 14 14 15 15 15 15 15 15 15 15 16 16 16 16 16 16 16 16 14 14 14 14 14 14 14 14 16 16 16 16 16 16 16 16
ch9 13 13 13 13 14 14 14 14 14 14 14 14 15 15 15 15 15 15 15 15 16 16 16 16 16 16 16 16 14 14 14 14 14 14 14 14 12 12 12 12 12 12 12 12
ch10 13 13 13 13 14 14 14 14 14 14 14 14 15 15 15 15 15 15 15 15 16 16 16 16 16 16 16 16 14 14 14 14 14 14 14 14    
ch11 13 13 13 13 14 14 14 14 14 14 14 14 15 15 15 15 15 15 15 15 13 13 13 13 13 13 13 13 14 14 14 14 14 14 14 14  
ch12 13 13 13 13 14 14 14 14 14 14 14 14 15 15 15 15 15 15 15 15                          
ch13 13 13 13 13 14 14 14 14 14 14 14 14 15 15 15 15 15 15 15 15 
ch14 13 13 13 13 14 14 14 14 14 14 14 14 15 15 15 15 15 15 15 15  
