# 5G Channel OFDM    VHT20     VHT40     VHT80     VHT160     Txstream_Delta  TxSpatialStream_Delta
Band: 5G OFDM_6M OFDM_9M OFDM_12M OFDM_18M OFDM_24M OFDM_36M OFDM_48M OFDM_54M VHT20_MCS0 VHT20_MCS1 VHT20_MCS2 VHT20_MCS3 VHT20_MCS4 VHT20_MCS5 VHT20_MCS6 VHT20_MCS7 VHT20_MCS8 VHT20_MCS9 VHT40_MCS0 VHT40_MCS1 VHT40_MCS2 VHT40_MCS3 VHT40_MCS4 VHT40_MCS5 VHT40_MCS6 VHT40_MCS7 VHT40_MCS8 VHT40_MCS9 VHT80_MCS0 VHT80_MCS1 VHT80_MCS2 VHT80_MCS3 VHT80_MCS4 VHT80_MCS5 VHT80_MCS6 VHT80_MCS7 VHT80_MCS8 VHT80_MCS9 VHT160_MCS0 VHT160_MCS1 VHT160_MCS2 VHT160_MCS3 VHT160_MCS4 VHT160_MCS5 VHT160_MCS6 VHT160_MCS7 VHT160_MCS8 VHT160_MCS9 Txstream_3T Txstream_2T Txstream_1T Txstream_1SS Txstream_2SS Txstream_3SS Txstream_4SS
Ch184 12 12 12 12 12 11 11 11 11 11 11 11 11 11 11 11 11 11 11 11 11 11 11 11 11 11 9 9 9 9 9 9 9 1 3 6 6 3 1 0
Ch188 12 12 12 12 12 11 11 11 11 11 11 11 11 11 11 11 11 11 11 11 11 11 11 11 11 11 9 9 9 9 9 9 9 1 3 6 6 3 1 0
Ch192 12 12 12 12 12 11 11 11 11 11 11 11 11 11 11 11 11 11 11 11 11 11 11 11 11 11 9 9 9 9 9 9 9 1 3 6 6 3 1 0
Ch196 12 12 12 12 12 11 11 11 11 11 11 11 11 11 11 11 11 11 11 11 11 11 11 11 11 11 9 9 9 9 9 9 9 1 3 6 6 3 1 0
Ch8 12 12 12 12 12 11 11 11 11 11 11 11 11 11 11 11 11 11 11 11 11 11 11 11 11 11 9 9 9 9 9 9 9 1 3 6 6 3 1 0
Ch12 12 12 12 12 12 11 11 11 11 11 11 11 11 11 11 11 11 11 11 11 11 11 11 11 11 11 9 9 9 9 9 9 9 1 3 6 6 3 1 0
Ch16 12 12 12 12 12 11 11 11 11 11 11 11 11 11 11 11 11 11 11 11 11 11 11 11 11 11 9 9 9 9 9 9 9 1 3 6 6 3 1 0
Ch36 12 12 12 12 12 11 11 11 11 11 11 11 11 11 11 11 11 11 11 11 11 11 11 11 11 11 9 9 9 9 9 9 9 1 3 6 6 3 1 0
Ch40 12 12 12 12 12 11 11 11 11 11 11 11 11 11 11 11 11 11 11 11 11 11 11 11 11 11 9 9 9 9 9 9 9 1 3 6 6 3 1 0
Ch44 12 12 12 12 12 11 11 11 11 11 11 11 11 11 11 11 11 11 11 11 11 11 11 11 11 11 9 9 9 9 9 9 9 1 3 6 6 3 1 0
Ch48 12 12 12 12 12 11 11 11 11 11 11 11 11 11 11 11 11 11 11 11 11 11 11 11 11 11 9 9 9 9 9 9 9 1 3 6 6 3 1 0
Ch52 12 12 12 12 12 10 10 10 10 10 10 10 14 14 14 14 14 14 14 14 14 14 14 14 14 14 9 9 9 9 9 9 9 1 3 6 6 3 1 0
Ch56 12 12 12 12 12 10 10 10 10 10 10 10 14 14 14 14 14 14 14 14 14 14 14 14 14 14 9 9 9 9 9 9 9 1 3 6 6 3 1 0
Ch60 12 12 12 12 12 10 10 10 10 10 10 10 14 14 14 14 14 14 14 14 14 14 14 14 14 14 9 9 9 9 9 9 9 1 3 6 6 3 1 0
Ch64 12 12 12 12 12 10 10 10 10 10 10 10 14 14 14 14 14 14 14 14 14 14 14 14 14 14 9 9 9 9 9 9 9 1 3 6 6 3 1 0
Ch68 12 12 12 12 12 10 10 10 10 10 10 10 14 14 14 14 14 14 14 14 14 14 14 14 14 14 9 9 9 9 9 9 9 1 3 6 6 3 1 0
Ch72 12 12 12 12 12 10 10 10 10 10 10 10 14 14 14 14 14 14 14 14 14 14 14 14 14 14 9 9 9 9 9 9 9 1 3 6 6 3 1 0
Ch76 12 12 12 12 12 10 10 10 10 10 10 10 14 14 14 14 14 14 14 14 14 14 14 14 14 14 9 9 9 9 9 9 9 1 3 6 6 3 1 0
Ch80 12 12 12 12 12 10 10 10 10 10 10 10 14 14 14 14 14 14 14 14 14 14 14 14 14 14 9 9 9 9 9 9 9 1 3 6 6 3 1 0
Ch84 12 12 12 12 12 10 10 10 10 10 10 10 14 14 14 14 14 14 14 14 14 14 14 14 14 14 9 9 9 9 9 9 9 1 3 6 6 3 1 0
Ch88 12 12 12 12 12 10 10 10 10 10 10 10 14 14 14 14 14 14 14 14 14 14 14 14 14 14 9 9 9 9 9 9 9 1 3 6 6 3 1 0
Ch92 12 12 12 12 12 10 10 10 10 10 10 10 14 14 14 14 14 14 14 14 14 14 14 14 14 14 9 9 9 9 9 9 9 1 3 6 6 3 1 0
Ch96 12 12 12 12 12 10 10 10 10 10 10 10 14 14 14 14 14 14 14 14 14 14 14 14 14 14 9 9 9 9 9 9 9 1 3 6 6 3 1 0
Ch100 16 16 16 16 16 15 15 15 15 15 15 15 13 13 13 13 13 13 13 15 15 15 15 15 15 15 9 9 9 9 9 9 9 1 3 6 6 3 1 0
Ch104 16 16 16 16 16 15 15 15 15 15 15 15 13 13 13 13 13 13 13 15 15 15 15 15 15 15 9 9 9 9 9 9 9 1 3 6 6 3 1 0
Ch108 16 16 16 16 16 15 15 15 15 15 15 15 13 13 13 13 13 13 13 15 15 15 15 15 15 15 9 9 9 9 9 9 9 1 3 6 6 3 1 0
Ch112 16 16 16 16 16 15 15 15 15 15 15 15 13 13 13 13 13 13 13 15 15 15 15 15 15 15 9 9 9 9 9 9 9 1 3 6 6 3 1 0
Ch116 16 16 16 16 16 15 15 15 15 15 15 15 13 13 13 13 13 13 13 15 15 15 15 15 15 15 9 9 9 9 9 9 9 1 3 6 6 3 1 0
Ch120 16 16 16 16 16 15 15 15 15 15 15 15 13 13 13 13 13 13 13 15 15 15 15 15 15 15 9 9 9 9 9 9 9 1 3 6 6 3 1 0
Ch124 16 16 16 16 16 15 15 15 15 15 15 15 13 13 13 13 13 13 13 15 15 15 15 15 15 15 9 9 9 9 9 9 9 1 3 6 6 3 1 0
Ch128 16 16 16 16 16 15 15 15 15 15 15 15 13 13 13 13 13 13 13 15 15 15 15 15 15 15 9 9 9 9 9 9 9 1 3 6 6 3 1 0
Ch132 16 16 16 16 16 15 15 15 15 15 15 15 13 13 13 13 13 13 13 15 15 15 15 15 15 15 9 9 9 9 9 9 9 1 3 6 6 3 1 0
Ch136 16 16 16 16 16 15 15 15 15 15 15 15 13 13 13 13 13 13 13 15 15 15 15 15 15 15 9 9 9 9 9 9 9 1 3 6 6 3 1 0
Ch140 16 16 16 16 16 15 15 15 15 15 15 15 13 13 13 13 13 13 13 15 15 15 15 15 15 15 9 9 9 9 9 9 9 1 3 6 6 3 1 0
Ch144 16 16 16 16 16 15 15 15 15 15 15 15 13 13 13 13 13 13 13 15 15 15 15 15 15 15 9 9 9 9 9 9 9 1 3 6 6 3 1 0
Ch149 19 19 19 19 19 17 17 17 17 17 17 17 20 20 20 20 20 20 20 18 18 18 18 18 18 18 9 9 9 9 9 9 9 1 3 6 6 3 1 0
Ch153 19 19 19 19 19 17 17 17 17 17 17 17 20 20 20 20 20 20 20 18 18 18 18 18 18 18 9 9 9 9 9 9 9 1 3 6 6 3 1 0
Ch157 19 19 19 19 19 17 17 17 17 17 17 17 20 20 20 20 20 20 20 18 18 18 18 18 18 18 9 9 9 9 9 9 9 1 3 6 6 3 1 0
Ch161 19 19 19 19 19 17 17 17 17 17 17 17 20 20 20 20 20 20 20 18 18 18 18 18 18 18 9 9 9 9 9 9 9 1 3 6 6 3 1 0
Ch165 19 19 19 19 19 17 17 17 17 17 17 17 20 20 20 20 20 20 20 18 18 18 18 18 18 18 9 9 9 9 9 9 9 1 3 6 6 3 1 0
Ch169 19 19 19 19 19 17 17 17 17 17 17 17 20 20 20 20 20 20 20 18 18 18 18 18 18 18 9 9 9 9 9 9 9 1 3 6 6 3 1 0
Ch173 19 19 19 19 19 17 17 17 17 17 17 17 20 20 20 20 20 20 20 18 18 18 18 18 18 18 9 9 9 9 9 9 9 1 3 6 6 3 1 0
Ch177 19 19 19 19 19 17 17 17 17 17 17 17 20 20 20 20 20 20 20 18 18 18 18 18 18 18 9 9 9 9 9 9 9 1 3 6 6 3 1 0
Ch181 19 19 19 19 19 17 17 17 17 17 17 17 20 20 20 20 20 20 20 18 18 18 18 18 18 18 9 9 9 9 9 9 9 1 3 6 6 3 1 0
